frontalis_inner = 0.10030365296250231
frontalis_outer = 0.1009650555719305
procerus = 0.24927068295800095
dep_lab_sup_ala_nasi =  0.1701831727289108
zygo_minor = 0.11088716885417224
zygo_major = 0.19021115396399838
risorius = 0.054217052339193314
dep_ang_oris = 0.10032496360660435